<?xml version="1.0"?>
<opencv_storage>
<calibration_Time>"Fri 03 Nov 2017 09:21:05 PM EDT"</calibration_Time>
<nrOfFrames>25</nrOfFrames>
<image_Width>1280</image_Width>
<image_Height>720</image_Height>
<board_Width>9</board_Width>
<board_Height>6</board_Height>
<square_Size>25.</square_Size>
<FixAspectRatio>1.</FixAspectRatio>
<!-- flags:  +fix_aspectRatio +fix_principal_point +zero_tangent_dist -->
<flagValue>14</flagValue>
<Camera_Matrix type_id="opencv-matrix">
  <rows>3</rows>
  <cols>3</cols>
  <dt>d</dt>
  <data>
    1.0357053204080057e+03 0. 640. 0. 1.0357053204080057e+03 360. 0. 0.
    1.</data></Camera_Matrix>
<Distortion_Coefficients type_id="opencv-matrix">
  <rows>5</rows>
  <cols>1</cols>
  <dt>d</dt>
  <data>
    1.0300119518720655e-01 -7.2231880924439784e-01 0. 0.
    1.5581167664841404e+00</data></Distortion_Coefficients>
<Avg_Reprojection_Error>6.0510014970166859e-01</Avg_Reprojection_Error>
<Per_View_Reprojection_Errors type_id="opencv-matrix">
  <rows>25</rows>
  <cols>1</cols>
  <dt>f</dt>
  <data>
    2.55585432e-01 2.71942854e-01 2.73626387e-01 2.94099182e-01
    2.93779075e-01 2.91626096e-01 3.93969208e-01 4.55510497e-01
    1.85413420e+00 4.87711102e-01 4.67847437e-01 4.90202636e-01
    5.08625269e-01 4.75025266e-01 4.80635703e-01 5.51548660e-01
    5.63494802e-01 5.46663582e-01 5.96790910e-01 6.03425622e-01
    6.10466480e-01 6.53940201e-01 6.17221296e-01 5.66502512e-01
    5.70696235e-01</data></Per_View_Reprojection_Errors>
<!-- a set of 6-tuples (rotation vector + translation vector) for each view -->
<Extrinsic_Parameters type_id="opencv-matrix">
  <rows>25</rows>
  <cols>6</cols>
  <dt>d</dt>
  <data>
    -3.1716704117181455e-01 3.6054471321137715e-01
    1.5347045780966233e+00 1.5230118315876811e+02
    -1.0469195116741518e+02 4.9232683647241862e+02
    -3.1898660813187629e-01 3.5513990549251950e-01
    1.5352563900059355e+00 1.5280852689228303e+02
    -1.0441269379339535e+02 4.9304046517804693e+02
    -3.1882430589978228e-01 3.5890947006836749e-01
    1.5339356768462489e+00 1.5088872045697750e+02
    -1.0516233561240850e+02 4.9311201355245413e+02
    -3.1382300556955817e-01 3.6427406484200020e-01
    1.5351331013868943e+00 1.5117839103330559e+02
    -1.0504899399495940e+02 4.9224340054047150e+02
    -3.1611888449121844e-01 3.5992981165282872e-01
    1.5375345385791903e+00 1.4924358705214536e+02
    -1.0492181996440807e+02 4.9267601017592466e+02
    -3.2250044234998376e-01 3.5653562865060090e-01
    1.5383780800015516e+00 1.4863387645527285e+02
    -1.0479404602175970e+02 4.9372196198524404e+02
    -3.1596287687763180e-01 3.6360989207815725e-01
    1.5330392043584955e+00 1.4544284868023502e+02
    -1.0522385659619925e+02 4.9435744236765947e+02
    -3.2968475033778677e-01 3.4927480208170475e-01
    1.5353976879482805e+00 1.3590909878185730e+02
    -1.0474322197510735e+02 4.9744582327153103e+02
    -3.3365453431256042e-01 3.3155156641473471e-01
    1.5348998962457778e+00 1.2979043983239720e+02
    -1.0493397352492578e+02 5.0082807190983851e+02
    -3.9504027021103610e-01 2.8746163826067106e-01
    1.5290374216484868e+00 8.9734924153223062e+01
    -1.0549499672508317e+02 5.0793905655749700e+02
    -3.9893819987892709e-01 2.8027432970445787e-01
    1.5264375899758551e+00 8.4062972923076373e+01
    -1.0594415918738694e+02 5.0713702423998734e+02
    -4.1315902151131811e-01 2.6833436820144402e-01
    1.5226445918349476e+00 7.5294493046288238e+01
    -1.0617161195353667e+02 5.0733380398594466e+02
    -4.1784613780228036e-01 2.6484379045260736e-01
    1.5188047916752832e+00 6.9687007936933995e+01
    -1.0688948230907310e+02 5.0681994007872009e+02
    -4.1944325014420164e-01 2.6242170298832140e-01
    1.5215449223397510e+00 6.7175167941742316e+01
    -1.0688044317759214e+02 5.0605250114779420e+02
    -4.2263110152307393e-01 2.5755377518829425e-01
    1.5247410075594665e+00 6.5711072259375413e+01
    -1.0637459470297945e+02 5.0569117796241937e+02
    -4.3860154987349254e-01 2.3992716406293929e-01
    1.5258813974342469e+00 5.7819651972125570e+01
    -1.0675225555538931e+02 5.0542390733375868e+02
    -4.4432781317794406e-01 2.3356644241228539e-01
    1.5233686284421752e+00 5.2402089986266077e+01
    -1.0664966986419775e+02 5.0713877989857809e+02
    -4.6300856506992327e-01 2.1666274040665734e-01
    1.5245521776220747e+00 4.6323000707209509e+01
    -1.0570582016632592e+02 5.1153533730680994e+02
    -4.7754895880054060e-01 1.9228377530784546e-01
    1.5256021194158595e+00 3.7359331244778701e+01
    -1.0512581063942085e+02 5.1326375198920039e+02
    -5.0745309561064755e-01 1.6655223070563666e-01
    1.5193700490986617e+00 2.4664005753958975e+01
    -1.0550182482534764e+02 5.1584924057610203e+02
    -5.1237190391428589e-01 1.6045862702473068e-01
    1.5161282734098100e+00 1.9512267660218395e+01
    -1.0594720926588388e+02 5.1461411369803761e+02
    -5.0307286290854991e-01 1.5264477830399215e-01
    1.5146813797990795e+00 8.0372658032070667e+00
    -1.0821855850119279e+02 5.0562723350824251e+02
    -4.9525743528719990e-01 1.5818582983135596e-01
    1.5178556453276779e+00 7.7257844298345404e+00
    -1.0929372921935717e+02 5.0091551700274096e+02
    -4.1389675016735128e-01 2.0929531070928775e-01
    1.5311058186271587e+00 1.2780206519493293e+01
    -1.1325398398300553e+02 4.8292170322952217e+02
    -3.8628706760565507e-01 2.1789621951515942e-01
    1.5363138465227915e+00 1.2659217486917125e+01
    -1.1506680544582986e+02 4.7408285034149105e+02</data></Extrinsic_Parameters>
